h<- 239 * 49
