h<- 239 * 49
h/7

